example_data/vn_aster_w4u3.asc
NCOLS 525
NROWS 544
XLLCORNER 317567.8563212453
YLLCORNER 4730903.4029195514
CELLSIZE 28.030813
NODATA_VALUE 170141000918782800000000000000000000000.0000
[rows 140 to 167 of 544, columns 0 to 61 of 525]
257.0000 258.0000 259.0000 260.0000 260.0000 261.0000 261.0000 262.0000 262.0000 263.0000 263.0000 264.0000 267.0000 269.0000 270.0000 272.0000 276.0000 277.0000 279.0000 281.0000 285.0000 287.0000 289.0000 291.0000 293.0000 295.0000 296.0000 297.0000 299.0000 301.0000 303.0000 304.0000 306.0000 309.0000 309.0000 311.0000 313.0000 315.0000 318.0000 320.0000 321.0000 323.0000 325.0000 326.0000 327.0000 329.0000 332.0000 333.0000 335.0000 337.0000 340.0000 340.0000 341.0000 342.0000 342.0000 344.0000 345.0000 346.0000 348.0000 354.0000 357.0000 360.0000
257.0000 258.0000 259.0000 260.0000 260.0000 261.0000 261.0000 261.0000 262.0000 262.0000 263.0000 263.0000 266.0000 268.0000 270.0000 271.0000 275.0000 277.0000 279.0000 281.0000 285.0000 287.0000 289.0000 291.0000 292.0000 294.0000 295.0000 296.0000 297.0000 299.0000 301.0000 302.0000 306.0000 309.0000 309.0000 311.0000 312.0000 315.0000 317.0000 318.0000 320.0000 321.0000 323.0000 324.0000 325.0000 326.0000 330.0000 331.0000 333.0000 335.0000 338.0000 339.0000 340.0000 340.0000 341.0000 342.0000 343.0000 345.0000 347.0000 353.0000 356.0000 359.0000
257.0000 258.0000 258.0000 260.0000 261.0000 261.0000 261.0000 262.0000 262.0000 262.0000 262.0000 263.0000 266.0000 268.0000 270.0000 271.0000 274.0000 276.0000 278.0000 280.0000 284.0000 287.0000 288.0000 290.0000 292.0000 293.0000 294.0000 295.0000 297.0000 299.0000 301.0000 302.0000 304.0000 307.0000 308.0000 309.0000 311.0000 314.0000 315.0000 317.0000 318.0000 319.0000 321.0000 322.0000 323.0000 324.0000 328.0000 330.0000 332.0000 334.0000 337.0000 338.0000 339.0000 340.0000 341.0000 341.0000 343.0000 345.0000 347.0000 352.0000 355.0000 358.0000
258.0000 258.0000 258.0000 260.0000 262.0000 263.0000 263.0000 263.0000 262.0000 263.0000 263.0000 266.0000 267.0000 268.0000 270.0000 271.0000 274.0000 276.0000 278.0000 280.0000 284.0000 286.0000 287.0000 289.0000 292.0000 293.0000 294.0000 295.0000 295.0000 298.0000 299.0000 301.0000 302.0000 306.0000 308.0000 308.0000 310.0000 313.0000 314.0000 315.0000 316.0000 318.0000 319.0000 320.0000 321.0000 323.0000 327.0000 329.0000 331.0000 333.0000 337.0000 338.0000 339.0000 339.0000 341.0000 342.0000 343.0000 345.0000 348.0000 353.0000 357.0000 359.0000
259.0000 259.0000 259.0000 261.0000 262.0000 263.0000 264.0000 264.0000 264.0000 264.0000 265.0000 267.0000 268.0000 269.0000 270.0000 271.0000 274.0000 275.0000 277.0000 279.0000 284.0000 286.0000 287.0000 289.0000 291.0000 292.0000 293.0000 293.0000 295.0000 296.0000 298.0000 299.0000 301.0000 305.0000 306.0000 307.0000 308.0000 311.0000 312.0000 314.0000 315.0000 317.0000 318.0000 319.0000 320.0000 322.0000 326.0000 328.0000 331.0000 333.0000 336.0000 338.0000 339.0000 340.0000 342.0000 343.0000 345.0000 348.0000 353.0000 356.0000 359.0000 362.0000
260.0000 260.0000 261.0000 262.0000 262.0000 263.0000 265.0000 265.0000 265.0000 265.0000 266.0000 268.0000 269.0000 269.0000 270.0000 272.0000 274.0000 275.0000 277.0000 279.0000 283.0000 284.0000 286.0000 288.0000 290.0000 291.0000 292.0000 292.0000 294.0000 295.0000 297.0000 299.0000 301.0000 304.0000 305.0000 306.0000 307.0000 310.0000 311.0000 312.0000 313.0000 315.0000 317.0000 318.0000 320.0000 324.0000 326.0000 328.0000 331.0000 333.0000 336.0000 338.0000 339.0000 341.0000 344.0000 346.0000 349.0000 352.0000 358.0000 356.0000 359.0000 362.0000
261.0000 261.0000 263.0000 263.0000 263.0000 264.0000 265.0000 266.0000 266.0000 266.0000 267.0000 269.0000 269.0000 269.0000 270.0000 272.0000 273.0000 275.0000 276.0000 278.0000 281.0000 283.0000 284.0000 286.0000 288.0000 289.0000 290.0000 291.0000 293.0000 294.0000 296.0000 298.0000 302.0000 304.0000 304.0000 305.0000 306.0000 308.0000 309.0000 310.0000 312.0000 314.0000 316.0000 317.0000 319.0000 323.0000 325.0000 327.0000 330.0000 332.0000 336.0000 338.0000 340.0000 342.0000 347.0000 346.0000 349.0000 352.0000 358.0000 361.0000 364.0000 367.0000
262.0000 263.0000 264.0000 264.0000 265.0000 266.0000 267.0000 267.0000 266.0000 266.0000 267.0000 269.0000 269.0000 270.0000 270.0000 272.0000 273.0000 275.0000 276.0000 278.0000 280.0000 281.0000 282.0000 284.0000 287.0000 288.0000 289.0000 289.0000 291.0000 293.0000 295.0000 297.0000 301.0000 302.0000 303.0000 304.0000 305.0000 307.0000 308.0000 309.0000 311.0000 313.0000 315.0000 317.0000 318.0000 322.0000 324.0000 327.0000 329.0000 333.0000 335.0000 338.0000 340.0000 342.0000 347.0000 350.0000 353.0000 357.0000 365.0000 368.0000 372.0000 374.0000
264.0000 264.0000 266.0000 266.0000 265.0000 266.0000 267.0000 267.0000 267.0000 267.0000 268.0000 269.0000 270.0000 270.0000 271.0000 273.0000 274.0000 275.0000 276.0000 278.0000 279.0000 280.0000 281.0000 282.0000 285.0000 286.0000 287.0000 288.0000 291.0000 292.0000 294.0000 296.0000 300.0000 301.0000 302.0000 303.0000 305.0000 306.0000 307.0000 309.0000 310.0000 313.0000 314.0000 316.0000 317.0000 321.0000 323.0000 327.0000 329.0000 333.0000 335.0000 337.0000 339.0000 342.0000 350.0000 354.0000 359.0000 364.0000 373.0000 377.0000 381.0000 384.0000
265.0000 264.0000 266.0000 266.0000 267.0000 268.0000 269.0000 269.0000 268.0000 268.0000 269.0000 270.0000 271.0000 271.0000 272.0000 274.0000 274.0000 275.0000 276.0000 277.0000 278.0000 279.0000 280.0000 282.0000 283.0000 284.0000 286.0000 287.0000 290.0000 292.0000 293.0000 295.0000 298.0000 300.0000 301.0000 302.0000 305.0000 306.0000 307.0000 308.0000 309.0000 312.0000 313.0000 316.0000 317.0000 321.0000 323.0000 325.0000 327.0000 332.0000 334.0000 336.0000 339.0000 347.0000 353.0000 359.0000 365.0000 372.0000 383.0000 388.0000 391.0000 394.0000
265.0000 265.0000 267.0000 268.0000 269.0000 270.0000 271.0000 271.0000 270.0000 270.0000 271.0000 271.0000 272.0000 273.0000 273.0000 275.0000 275.0000 276.0000 276.0000 277.0000 278.0000 278.0000 279.0000 281.0000 282.0000 283.0000 285.0000 287.0000 290.0000 291.0000 292.0000 293.0000 297.0000 298.0000 299.0000 300.0000 303.0000 304.0000 306.0000 308.0000 310.0000 312.0000 313.0000 314.0000 316.0000 319.0000 321.0000 323.0000 325.0000 330.0000 332.0000 335.0000 338.0000 348.0000 355.0000 362.0000 370.0000 377.0000 391.0000 396.0000 400.0000 404.0000
266.0000 266.0000 268.0000 270.0000 271.0000 272.0000 272.0000 272.0000 272.0000 271.0000 272.0000 273.0000 273.0000 274.0000 275.0000 276.0000 276.0000 276.0000 276.0000 276.0000 277.0000 277.0000 278.0000 280.0000 281.0000 283.0000 285.0000 288.0000 290.0000 291.0000 291.0000 292.0000 295.0000 297.0000 298.0000 300.0000 303.0000 304.0000 306.0000 307.0000 309.0000 310.0000 311.0000 312.0000 313.0000 317.0000 319.0000 321.0000 323.0000 328.0000 331.0000 334.0000 337.0000 348.0000 355.0000 362.0000 370.0000 387.0000 394.0000 400.0000 406.0000 411.0000
268.0000 268.0000 269.0000 271.0000 272.0000 273.0000 274.0000 274.0000 274.0000 274.0000 274.0000 275.0000 275.0000 276.0000 277.0000 277.0000 277.0000 277.0000 276.0000 276.0000 276.0000 277.0000 278.0000 280.0000 281.0000 283.0000 285.0000 288.0000 289.0000 290.0000 291.0000 292.0000 295.0000 297.0000 298.0000 299.0000 301.0000 303.0000 304.0000 305.0000 307.0000 309.0000 310.0000 311.0000 313.0000 315.0000 317.0000 319.0000 322.0000 327.0000 330.0000 333.0000 336.0000 346.0000 352.0000 360.0000 368.0000 385.0000 393.0000 400.0000 407.0000 413.0000
268.0000 269.0000 270.0000 271.0000 273.0000 274.0000 275.0000 275.0000 275.0000 276.0000 277.0000 277.0000 277.0000 277.0000 278.0000 278.0000 277.0000 277.0000 276.0000 276.0000 276.0000 277.0000 278.0000 280.0000 282.0000 284.0000 285.0000 288.0000 289.0000 290.0000 291.0000 292.0000 293.0000 295.0000 296.0000 297.0000 300.0000 301.0000 302.0000 303.0000 306.0000 307.0000 308.0000 309.0000 311.0000 313.0000 315.0000 318.0000 321.0000 327.0000 330.0000 333.0000 336.0000 344.0000 349.0000 355.0000 362.0000 379.0000 388.0000 395.0000 403.0000 420.0000
269.0000 270.0000 270.0000 271.0000 273.0000 274.0000 276.0000 277.0000 277.0000 278.0000 278.0000 278.0000 278.0000 278.0000 278.0000 278.0000 277.0000 276.0000 275.0000 275.0000 276.0000 277.0000 278.0000 280.0000 282.0000 284.0000 285.0000 287.0000 288.0000 289.0000 290.0000 291.0000 292.0000 294.0000 295.0000 296.0000 298.0000 299.0000 300.0000 301.0000 304.0000 305.0000 306.0000 307.0000 310.0000 312.0000 314.0000 317.0000 324.0000 327.0000 330.0000 333.0000 336.0000 342.0000 346.0000 351.0000 357.0000 372.0000 380.0000 388.0000 397.0000 416.0000
269.0000 271.0000 271.0000 272.0000 272.0000 276.0000 277.0000 278.0000 278.0000 279.0000 279.0000 279.0000 278.0000 278.0000 278.0000 277.0000 277.0000 276.0000 275.0000 275.0000 276.0000 277.0000 278.0000 281.0000 283.0000 284.0000 286.0000 287.0000 288.0000 289.0000 289.0000 291.0000 292.0000 293.0000 294.0000 297.0000 298.0000 298.0000 299.0000 300.0000 302.0000 303.0000 303.0000 304.0000 308.0000 311.0000 313.0000 316.0000 324.0000 328.0000 331.0000 334.0000 337.0000 341.0000 345.0000 348.0000 352.0000 365.0000 373.0000 381.0000 390.0000 409.0000
270.0000 272.0000 273.0000 273.0000 273.0000 276.0000 277.0000 278.0000 279.0000 279.0000 279.0000 279.0000 278.0000 278.0000 278.0000 277.0000 277.0000 276.0000 275.0000 275.0000 276.0000 277.0000 280.0000 282.0000 283.0000 285.0000 286.0000 287.0000 288.0000 288.0000 288.0000 290.0000 291.0000 292.0000 294.0000 297.0000 298.0000 298.0000 299.0000 299.0000 301.0000 301.0000 302.0000 303.0000 307.0000 309.0000 312.0000 315.0000 324.0000 328.0000 332.0000 335.0000 340.0000 342.0000 345.0000 348.0000 351.0000 362.0000 373.0000 381.0000 390.0000 409.0000
271.0000 273.0000 274.0000 274.0000 273.0000 275.0000 276.0000 277.0000 278.0000 279.0000 279.0000 278.0000 278.0000 278.0000 278.0000 277.0000 277.0000 276.0000 275.0000 275.0000 276.0000 277.0000 280.0000 282.0000 283.0000 285.0000 286.0000 287.0000 287.0000 287.0000 287.0000 289.0000 290.0000 291.0000 292.0000 296.0000 298.0000 298.0000 299.0000 299.0000 299.0000 300.0000 301.0000 303.0000 306.0000 308.0000 311.0000 314.0000 323.0000 328.0000 332.0000 336.0000 342.0000 344.0000 345.0000 348.0000 351.0000 362.0000 369.0000 376.0000 384.0000 403.0000
272.0000 274.0000 274.0000 274.0000 274.0000 275.0000 276.0000 276.0000 278.0000 279.0000 279.0000 278.0000 278.0000 278.0000 278.0000 277.0000 277.0000 277.0000 276.0000 276.0000 276.0000 277.0000 280.0000 282.0000 284.0000 285.0000 286.0000 287.0000 287.0000 286.0000 286.0000 287.0000 288.0000 289.0000 291.0000 294.0000 297.0000 298.0000 298.0000 298.0000 298.0000 299.0000 301.0000 303.0000 306.0000 308.0000 311.0000 314.0000 324.0000 329.0000 332.0000 336.0000 342.0000 344.0000 347.0000 349.0000 356.0000 362.0000 369.0000 376.0000 383.0000 400.0000
274.0000 275.0000 275.0000 275.0000 274.0000 275.0000 276.0000 276.0000 277.0000 278.0000 278.0000 279.0000 279.0000 279.0000 279.0000 279.0000 278.0000 278.0000 277.0000 277.0000 277.0000 278.0000 281.0000 282.0000 284.0000 286.0000 287.0000 287.0000 287.0000 287.0000 286.0000 287.0000 288.0000 289.0000 290.0000 294.0000 296.0000 297.0000 298.0000 298.0000 298.0000 299.0000 300.0000 304.0000 305.0000 308.0000 311.0000 314.0000 324.0000 329.0000 334.0000 338.0000 345.0000 347.0000 350.0000 352.0000 360.0000 366.0000 372.0000 378.0000 386.0000 402.0000
274.0000 275.0000 275.0000 275.0000 275.0000 275.0000 276.0000 276.0000 277.0000 279.0000 279.0000 280.0000 281.0000 281.0000 281.0000 281.0000 280.0000 280.0000 279.0000 279.0000 279.0000 280.0000 282.0000 284.0000 285.0000 287.0000 288.0000 288.0000 288.0000 288.0000 288.0000 288.0000 289.0000 290.0000 291.0000 294.0000 296.0000 297.0000 297.0000 299.0000 299.0000 299.0000 300.0000 304.0000 305.0000 308.0000 311.0000 315.0000 325.0000 331.0000 336.0000 341.0000 349.0000 351.0000 354.0000 357.0000 366.0000 371.0000 377.0000 384.0000 399.0000 407.0000
276.0000 276.0000 276.0000 276.0000 277.0000 277.0000 277.0000 278.0000 278.0000 280.0000 281.0000 282.0000 283.0000 283.0000 283.0000 283.0000 283.0000 282.0000 282.0000 282.0000 282.0000 283.0000 285.0000 286.0000 287.0000 288.0000 289.0000 289.0000 289.0000 289.0000 289.0000 290.0000 290.0000 291.0000 292.0000 294.0000 295.0000 296.0000 297.0000 299.0000 299.0000 299.0000 300.0000 302.0000 304.0000 307.0000 311.0000 321.0000 327.0000 333.0000 339.0000 344.0000 353.0000 356.0000 359.0000 362.0000 372.0000 378.0000 384.0000 391.0000 406.0000 415.0000
278.0000 278.0000 278.0000 278.0000 279.0000 279.0000 279.0000 280.0000 280.0000 282.0000 284.0000 284.0000 285.0000 286.0000 286.0000 285.0000 285.0000 285.0000 285.0000 285.0000 286.0000 286.0000 288.0000 289.0000 290.0000 291.0000 291.0000 291.0000 291.0000 290.0000 290.0000 291.0000 291.0000 291.0000 292.0000 294.0000 295.0000 296.0000 297.0000 299.0000 299.0000 299.0000 300.0000 302.0000 304.0000 307.0000 311.0000 322.0000 328.0000 335.0000 341.0000 347.0000 356.0000 360.0000 364.0000 368.0000 379.0000 386.0000 392.0000 399.0000 414.0000 424.0000
279.0000 280.0000 280.0000 280.0000 281.0000 281.0000 282.0000 282.0000 283.0000 285.0000 286.0000 286.0000 287.0000 288.0000 288.0000 288.0000 288.0000 288.0000 288.0000 289.0000 289.0000 290.0000 291.0000 292.0000 293.0000 293.0000 293.0000 293.0000 292.0000 292.0000 291.0000 291.0000 291.0000 291.0000 292.0000 293.0000 295.0000 296.0000 297.0000 299.0000 299.0000 299.0000 300.0000 303.0000 305.0000 308.0000 313.0000 324.0000 331.0000 337.0000 344.0000 355.0000 360.0000 364.0000 369.0000 374.0000 386.0000 393.0000 401.0000 408.0000 425.0000 435.0000
280.0000 281.0000 281.0000 282.0000 283.0000 284.0000 284.0000 285.0000 286.0000 287.0000 288.0000 288.0000 288.0000 289.0000 289.0000 289.0000 290.0000 290.0000 291.0000 291.0000 291.0000 293.0000 294.0000 295.0000 295.0000 296.0000 296.0000 293.0000 292.0000 292.0000 291.0000 291.0000 291.0000 292.0000 293.0000 293.0000 295.0000 296.0000 298.0000 299.0000 299.0000 299.0000 300.0000 303.0000 306.0000 310.0000 314.0000 326.0000 332.0000 339.0000 345.0000 357.0000 363.0000 369.0000 375.0000 381.0000 394.0000 402.0000 410.0000 418.0000 437.0000 448.0000
280.0000 281.0000 282.0000 283.0000 285.0000 286.0000 286.0000 287.0000 288.0000 288.0000 289.0000 289.0000 290.0000 290.0000 290.0000 290.0000 291.0000 292.0000 292.0000 293.0000 293.0000 295.0000 295.0000 295.0000 295.0000 296.0000 296.0000 295.0000 295.0000 294.0000 293.0000 292.0000 293.0000 293.0000 294.0000 294.0000 295.0000 296.0000 299.0000 299.0000 299.0000 299.0000 300.0000 304.0000 307.0000 311.0000 316.0000 327.0000 333.0000 339.0000 345.0000 359.0000 365.0000 372.0000 380.0000 395.0000 403.0000 411.0000 420.0000 430.0000 450.0000 462.0000
280.0000 282.0000 283.0000 285.0000 287.0000 288.0000 288.0000 288.0000 289.0000 289.0000 290.0000 290.0000 291.0000 291.0000 291.0000 291.0000 292.0000 293.0000 293.0000 293.0000 293.0000 295.0000 295.0000 296.0000 297.0000 298.0000 298.0000 298.0000 297.0000 296.0000 295.0000 295.0000 295.0000 295.0000 296.0000 296.0000 297.0000 298.0000 299.0000 300.0000 299.0000 299.0000 302.0000 305.0000 309.0000 313.0000 318.0000 328.0000 333.0000 339.0000 346.0000 360.0000 368.0000 376.0000 385.0000 402.0000 411.0000 421.0000 431.0000 442.0000 465.0000 477.0000
280.0000 282.0000 284.0000 286.0000 288.0000 289.0000 289.0000 289.0000 289.0000 290.0000 290.0000 291.0000 292.0000 292.0000 292.0000 291.0000 292.0000 293.0000 293.0000 294.0000 294.0000 295.0000 296.0000 296.0000 297.0000 299.0000 299.0000 299.0000 299.0000 297.0000 297.0000 297.0000 298.0000 298.0000 298.0000 299.0000 299.0000 300.0000 301.0000 301.0000 300.0000 300.0000 304.0000 307.0000 310.0000 315.0000 319.0000 328.0000 333.0000 339.0000 346.0000 362.0000 371.0000 380.0000 389.0000 409.0000 420.0000 431.0000 431.0000 453.0000 465.0000 477.0000
